2.0000000e+00   1.6314089e+00  -2.6887853e+00  -9.5926020e-01   2.0282323e+00   1.3598124e+00  -1.8945888e-01  -2.9587665e+00  -2.3471318e-01  -1.8324441e+00   2.1897320e-01
2.0000000e+00  -5.2757269e-01   4.5787046e-01  -1.6176457e-01  -2.0641739e-01   7.9276782e-01   7.2459269e-01  -3.4705407e-01  -1.0599699e+00   3.4802343e-01   1.2623988e+00
1.0000000e+00   2.8993359e+00  -3.2103588e-01   7.9994217e-01   1.7039439e+00   1.6817470e-02   1.1920725e-01   3.5505965e-01  -3.5377881e-01   2.1346660e-01   1.2314651e+00
2.0000000e+00  -2.7182198e-01   1.7430174e+00  -9.1699430e-01   7.8663890e-02  -1.4700335e+00  -7.2555480e-01   1.4965241e+00  -7.7387333e-01  -5.2441249e-01   8.4568557e-01
2.0000000e+00  -4.5113473e-01  -5.6767589e-01  -2.1455291e+00  -1.5092944e-01   3.2689843e-01  -1.0049218e+00   1.5739447e-01  -4.4392847e-01  -1.1268055e-01  -1.5813792e+00
2.0000000e+00  -1.8477117e+00   1.0240062e-01  -2.0271721e-02   1.6108500e+00   1.0629428e+00  -1.2677949e+00  -7.1936979e-02  -1.2460231e+00   7.6794698e-01   1.5543227e+00
2.0000000e+00  -1.8867560e-01  -4.2134923e-01   1.0866333e+00  -6.3090384e-01   1.1479576e-01   3.2590019e-01  -1.5355086e+00  -1.2064999e+00   6.7065655e-01  -5.9610208e-01
1.0000000e+00  -1.8943539e-01  -2.8860623e-01  -8.0809928e-01   1.2232074e+00  -5.4766420e-02   1.0991616e+00   1.9611186e-01  -4.9501949e-01  -1.1828266e+00   8.6203982e-01
1.0000000e+00  -1.3258809e+00   1.1282222e+00   1.3405907e+00  -9.8785920e-01   4.1316398e-01  -1.0466218e+00   1.2204543e+00  -1.2122040e-01   3.6895274e-01  -8.9648835e-01
2.0000000e+00   1.5843541e+00  -7.4002216e-01  -4.9782418e-01  -1.8244466e+00   1.1414696e-01   5.1432789e-02  -8.4035352e-01   2.1676343e-01   7.4636420e-01   9.5833114e-02
